{
 "cells": [
  {
   "cell_type": "markdown",
   "metadata": {
    "collapsed": true,
    "deletable": true,
    "editable": true
   },
   "source": [
    "# Image Classification\n",
    "In this project, you'll classify images from the [CIFAR-10 dataset](https://www.cs.toronto.edu/~kriz/cifar.html).  The dataset consists of airplanes, dogs, cats, and other objects. You'll preprocess the images, then train a convolutional neural network on all the samples. The images need to be normalized and the labels need to be one-hot encoded.  You'll get to apply what you learned and build a convolutional, max pooling, dropout, and fully connected layers.  At the end, you'll get to see your neural network's predictions on the sample images.\n",
    "## Get the Data\n",
    "Run the following cell to download the [CIFAR-10 dataset for python](https://www.cs.toronto.edu/~kriz/cifar-10-python.tar.gz)."
   ]
  },
  {
   "cell_type": "code",
   "execution_count": 6,
   "metadata": {
    "collapsed": false,
    "deletable": true,
    "editable": true
   },
   "outputs": [
    {
     "name": "stdout",
     "output_type": "stream",
     "text": [
      "All files found!\n"
     ]
    }
   ],
   "source": [
    "\"\"\"\n",
    "DON'T MODIFY ANYTHING IN THIS CELL THAT IS BELOW THIS LINE\n",
    "\"\"\"\n",
    "from urllib.request import urlretrieve\n",
    "from os.path import isfile, isdir\n",
    "from tqdm import tqdm\n",
    "import problem_unittests as tests\n",
    "import tarfile\n",
    "\n",
    "cifar10_dataset_folder_path = 'cifar-10-batches-py'\n",
    "\n",
    "# Use Floyd's cifar-10 dataset if present\n",
    "floyd_cifar10_location = '/input/cifar-10/python.tar.gz'\n",
    "if isfile(floyd_cifar10_location):\n",
    "    tar_gz_path = floyd_cifar10_location\n",
    "else:\n",
    "    tar_gz_path = 'cifar-10-python.tar.gz'\n",
    "\n",
    "class DLProgress(tqdm):\n",
    "    last_block = 0\n",
    "\n",
    "    def hook(self, block_num=1, block_size=1, total_size=None):\n",
    "        self.total = total_size\n",
    "        self.update((block_num - self.last_block) * block_size)\n",
    "        self.last_block = block_num\n",
    "\n",
    "if not isfile(tar_gz_path):\n",
    "    with DLProgress(unit='B', unit_scale=True, miniters=1, desc='CIFAR-10 Dataset') as pbar:\n",
    "        urlretrieve(\n",
    "            'https://www.cs.toronto.edu/~kriz/cifar-10-python.tar.gz',\n",
    "            tar_gz_path,\n",
    "            pbar.hook)\n",
    "\n",
    "if not isdir(cifar10_dataset_folder_path):\n",
    "    with tarfile.open(tar_gz_path) as tar:\n",
    "        tar.extractall()\n",
    "        tar.close()\n",
    "\n",
    "\n",
    "tests.test_folder_path(cifar10_dataset_folder_path)"
   ]
  },
  {
   "cell_type": "markdown",
   "metadata": {
    "deletable": true,
    "editable": true
   },
   "source": [
    "## Explore the Data\n",
    "The dataset is broken into batches to prevent your machine from running out of memory.  The CIFAR-10 dataset consists of 5 batches, named `data_batch_1`, `data_batch_2`, etc.. Each batch contains the labels and images that are one of the following:\n",
    "* airplane\n",
    "* automobile\n",
    "* bird\n",
    "* cat\n",
    "* deer\n",
    "* dog\n",
    "* frog\n",
    "* horse\n",
    "* ship\n",
    "* truck\n",
    "\n",
    "Understanding a dataset is part of making predictions on the data.  Play around with the code cell below by changing the `batch_id` and `sample_id`. The `batch_id` is the id for a batch (1-5). The `sample_id` is the id for a image and label pair in the batch.\n",
    "\n",
    "Ask yourself \"What are all possible labels?\", \"What is the range of values for the image data?\", \"Are the labels in order or random?\".  Answers to questions like these will help you preprocess the data and end up with better predictions."
   ]
  },
  {
   "cell_type": "code",
   "execution_count": 7,
   "metadata": {
    "collapsed": false,
    "deletable": true,
    "editable": true
   },
   "outputs": [
    {
     "name": "stdout",
     "output_type": "stream",
     "text": [
      "\n",
      "Stats of batch 3:\n",
      "Samples: 10000\n",
      "Label Counts: {0: 994, 1: 1042, 2: 965, 3: 997, 4: 990, 5: 1029, 6: 978, 7: 1015, 8: 961, 9: 1029}\n",
      "First 20 Labels: [8, 5, 0, 6, 9, 2, 8, 3, 6, 2, 7, 4, 6, 9, 0, 0, 7, 3, 7, 2]\n",
      "\n",
      "Example of Image 100:\n",
      "Image - Min Value: 4 Max Value: 255\n",
      "Image - Shape: (32, 32, 3)\n",
      "Label - Label Id: 8 Name: ship\n"
     ]
    },
    {
     "data": {
      "image/png": "iVBORw0KGgoAAAANSUhEUgAAAfoAAAH0CAYAAADVH+85AAAABHNCSVQICAgIfAhkiAAAAAlwSFlz\nAAAWJQAAFiUBSVIk8AAAG+FJREFUeJzt3duP5IlZHuCvqrv6ONPdc9ydPXl31t61104wQVEig6IQ\ngQRKIDcR/g9ylX8qUiLlIkeIFOwECFiEgG1swGDw7s7O7OzOuWe6e7q7uuuYC3Lh2+9jWKNPz3P/\n6uv+dVW9XVfvYLlcBgDQ0/An/QMAAH97FD0ANKboAaAxRQ8AjSl6AGhM0QNAY4oeABpT9ADQmKIH\ngMYUPQA0pugBoDFFDwCNKXoAaEzRA0Bjih4AGlP0ANCYogeAxlZ/0j/A35YPTybLSm5lfpbOnE7m\nlVNx7cJ2OrOzvlK6VTYYpCPL0pOPmEf+1met8hNW/2KVW4vis6+Yzxal3HBY+zvXcsVbhRfxSvHZ\nT6IWnAzyuUnxq914kA8uZ7Xfa1n4zImIOCvkno0npVvf+sM/Smfe+ntfKt36V9eu/I0/GH2jB4DG\nFD0ANKboAaAxRQ8AjSl6AGhM0QNAY4oeABpT9ADQmKIHgMYUPQA0pugBoDFFDwCNKXoAaKztet1k\ncl7K3bt9K51ZDEelW9Mre+nM8tql0q210VopV1EdUPsMh9fKt2rrdbXxqUpqWd65qjyR2nrd6uKz\n/H5R+0uXnv2y9jwGxZ9xc7XwuTOblm4dj0/Smd0LF0u3qguMlZXI+yenpVsHR/ncfFY69UL4Rg8A\njSl6AGhM0QNAY4oeABpT9ADQmKIHgMYUPQA0pugBoDFFDwCNKXoAaEzRA0Bjih4AGms7avP8+XEp\nt7W1mc788P2PSrc2NtfTme2z/M8XEXFhpfanXlmtTEXUlPdYCj7LUZuqyq1BeUAnnxsMa09xpfj9\nYlCIDQa15/H86CiduXXr/dKtz3/hC6XcYJYf7vrmb/9W6dYPP8j/bv/sn/x86dZXvvL3S7nVwmfc\n+Wl+rCciYvz8MJ05O8xnIiLixpVa7sf4Rg8AjSl6AGhM0QNAY4oeABpT9ADQmKIHgMYUPQA0pugB\noDFFDwCNKXoAaEzRA0Bjih4AGlP0ANBY2/W6xWJRyl3a20tnJuf5FamIiJ2LF9OZQdTW5Obz2vMY\nro7yoWVt1eyz/K9zWJyhq6y8lX+vwmOs/l4V1WW4YfGHnEwm6cx8Vnvdf3D7Vjrz+9/7v6Vbi43a\nK+T99/OLct/45jdKt/YPD9KZ6eSsdGtlVKulm1/+cjrz6N7HpVuLk/wS3eq4tqj6IvhGDwCNKXoA\naEzRA0Bjih4AGlP0ANCYogeAxhQ9ADSm6AGgMUUPAI0pegBoTNEDQGOKHgAaaztqMxjW/oe5d/9B\nOrO7u1u6deXS5XxoMSvdWhTHPUbrhRGX4tjJSmXFpTAyU09FLCuDPbWNn6g8xkHx1mepOrxzfJwf\nBbl9507p1r39/OfAdFh7+P/zW79Tyv3gT/4snTk6yo+xREQsltN05i9/9IPSrc+99WYp98Wv/FQ6\ns7VaGwlbW+Sfx87aT65ufaMHgMYUPQA0pugBoDFFDwCNKXoAaEzRA0Bjih4AGlP0ANCYogeAxhQ9\nADSm6AGgMUUPAI0pegBorO163cbGRil3srqezqxvbZduzeb5RbnlbF66NS/mttbyP+Paau3/x8qO\n1PHx89Kt8clpKXf58qV8aFR7mw0KG3uDZW2lcDnPvz4WxaW8xUrt9fHs+CCdeXSQX6GLiJjOx+nM\ncF57IA8+uVfKPT86SmcW0/zqWkTE3sX8a3hjvbYM9/jhw1Lu9CS/bjgofi5OJ5N0Zn00Kt16EXyj\nB4DGFD0ANKboAaAxRQ8AjSl6AGhM0QNAY4oeABpT9ADQmKIHgMYUPQA0pugBoDFFDwCNKXoAaKzt\net3JuLbS9OBpfhHq2tWrpVvzYX7dabI8K906P8+vcUVErE8KK4DD2krTWn6sLf7Lb/xG6da0uOL1\n9V/7tXRmWVyU21zPP/vVQeEhRsTZdJbOzAvrixERg9XaqtnDwqrZrVsflm4dHD5LZ47HJ6Vbk7Na\nLhb51/CykImIuHrppXTmqz/9M6VbMdwsxZ48vJ/OPLx7p3Tr4GF+cXBrtfbefBF8oweAxhQ9ADSm\n6AGgMUUPAI0pegBoTNEDQGOKHgAaU/QA0JiiB4DGFD0ANKboAaAxRQ8AjbUdtTmfzku558f58ZeN\nzfPSrckiPwpyOq3dimFtUGGxks8dj2vDO//n9343n/nud0u3fuEXf6GU+/TZ03Tm9u3bpVufe+31\ndObq3qXSrdkkP3byUfH3GhSHd+58/Gk688md/PhIRMTRcX7UprjlFNPz2vvlyqW9fGi5LN168uQw\nnfnBn/2wdGtYfJBnJ6fpTOU1FRHx5N7ddOb3/tdvlm793L/+N6Xcj/ONHgAaU/QA0JiiB4DGFD0A\nNKboAaAxRQ8AjSl6AGhM0QNAY4oeABpT9ADQmKIHgMYUPQA0pugBoLHBsrhm9Hfdr3/nz0u/2Gya\nX/EajWprS1eu55fGxmfHpVuLyayU27t4MZ35qz//i9Kt//Dv/n06849/9mulW6/ffLOUm0X+ZbW/\nv1+6tZzlFxhXim/nwSIfPC2uFB4+yy/DRUTMxieFTH7RLCJidZRf2Fus1BYz79+vLexduHAhnVlb\nWyvdOj4qPMdlfp0zIuLC1nott72Zzhyd5j/vIyL+9K8+TGcms9qt7/3W79bmHn+Mb/QA0JiiB4DG\nFD0ANKboAaAxRQ8AjSl6AGhM0QNAY4oeABpT9ADQmKIHgMYUPQA0pugBoLHVn/QP8Lfl8Se3Srnj\n4/xozMXCuERExNb6zXRmdVQbpZgWBlIiIh7ezQ9ufPO//2bp1vI0P7xzcXOndOv05LyUm6/k9yXW\ntmqvj8r4y/27n5ZuLaeFZ7+zW7r16YOHpdyTTz9JZ25cyg9HRUTsXNhKZ1Y3a2Msu1tXS7nxyTid\nGS5q3+1Go/xreDSsjdpc3K6NhE1OD9KZ09Pa81hZzz+PL737ZunWi+AbPQA0pugBoDFFDwCNKXoA\naEzRA0Bjih4AGlP0ANCYogeAxhQ9ADSm6AGgMUUPAI0pegBoTNEDQGN91+vu5ZeuIiKeFhbDLl+u\nLWRdubyXzly7/nLp1upqbRHq6OQ0nRk/f166tb29mc6cPNsv3To/z68URkScLqfpzLvvfaV0663X\nXk1n3nzlldKtjz7Mrz0e7tee/Ut7tcXB5fHFdGZtNb82GBGxupZfojs8yb82IiLOzvLLgRERG2v5\nhb3zcW21cWUln5kNl6VbT5/lV/kiIk7H+ff0cqX2WlwdbaQzl2/cKN16EXyjB4DGFD0ANKboAaAx\nRQ8AjSl6AGhM0QNAY4oeABpT9ADQmKIHgMYUPQA0pugBoDFFDwCNKXoAaKztet3GTm2VaGc1P9M0\nidpK061P7qYz02Xt1uqw9j/dg6eP05mtK/mVsYiI7fW1dOb5s0elW8vDeSk3LYwAnj69Xrp1YSW/\nVLhZ/Nf99Ci/2vj80aelW//gK++Vcq9eyq+1PXrwoHTrdD5JZ47Oastw1fXLyelJOjOd137GrcJ7\nc7f4e+0UFzrv3LufzqzOC7N8EXH/ML/2OJ7WVvleBN/oAaAxRQ8AjSl6AGhM0QNAY4oeABpT9ADQ\nmKIHgMYUPQA0pugBoDFFDwCNKXoAaEzRA0BjbUdt7h7ul3Kz6TSdWVmpDSPMR/nc2Se3S7dWV2t/\n6tPz/BDD3o2XSrde3d1LZ+5+8EHp1pP9h6XcK2+9ns6MT/LjIxER9yf50ZjDg4PSrUFhLGk5X5Ru\nra+tl3I3Xn4lndnazA/hRET86NbtdObdm/nXRkTE4/2npdyjp/khou3t2vN4+8tfSmfOp/lhoIiI\nnStXSrmbO7vpzINbH5durRa+Ig+XtffLi+AbPQA0pugBoDFFDwCNKXoAaEzRA0Bjih4AGlP0ANCY\nogeAxhQ9ADSm6AGgMUUPAI0pegBoTNEDQGNt1+vmJ/nVtYiIb/3O/05nttY2Sre2NzfTmQsXLpRu\nvfPFd0u5tz7/djozmuaX0CIipmfn6czahYulW7vD2s/46iv5hbJXXrpRujU+PUtn5tv59cWIiPls\nls4sz66Vbv3ht79byo1Go3Tmzp07pVubW/mVt3d2a6/F7/zRH5Zyi1H+8+PV194o3Vrd2klnDvYf\nl27d+9H7pdzK+lo6c3yYXwCMiNhaz78W5+NaJ70IvtEDQGOKHgAaU/QA0JiiB4DGFD0ANKboAaAx\nRQ8AjSl6AGhM0QNAY4oeABpT9ADQmKIHgMbajtpcXs0PPkREfPwnP8yHpvlBkIiItWH+8e/s7pZu\n3djeK+Xe+/lfTGfGL79WuvVk/2k68/LrtVvj8XEpd/liflRoPqm9PmK+SEc2VvPDHhER56P1dOb6\n9ZdLt2JRGxQ6PDpKZ0aF4aiIiLffyY9Ajc9rg0IRg1LqfHyaztx863OlW4NB/nX16ScPS7fOJ/kx\np4iI4Uo+s7laq8CVyL83zw4PSrdeBN/oAaAxRQ8AjSl6AGhM0QNAY4oeABpT9ADQmKIHgMYUPQA0\npugBoDFFDwCNKXoAaEzRA0Bjih4AGmu7XnfplZdKuZXN/ErT04PaKtHG6iidmRZWkyIivvfDH5Ry\nvzwZpzNvvXWzdOvVV9/Ih7ZqL+HptLaQNRifpzPjg/zqWkTEdJJfQzs+rq3y7WznV/lW1/Kv34iI\nN96oLaidnJ6kM8fPa89jtJFfvTsprlj+09WNUu7BvU/SmdevXynd2t3aSWe+8NY7pVv3731cyk0n\n+TW/SfFz4OT583RmPq2uG/7N+UYPAI0pegBoTNEDQGOKHgAaU/QA0JiiB4DGFD0ANKboAaAxRQ8A\njSl6AGhM0QNAY4oeABrrO2pzrTZqc+3lV9KZw/3aaMlwKz9mMVmt/W92+/69Uu7+o0fpzPaF/EBK\nRMS3/+AP0pnpsjYk8vmbb5ZyrxVeV5vD2t9s++J2PrOdz0REjM/zgxuLwaB062ScH0qKiLi8spLO\nTItDIqdn+fGiq4WRqoiIK1evlXJvvvlmOnNeGAaKiHj65GE6s7ddG+v54OBZKffs2ZN0Zu/SXunW\n57+QH+wZDH5y36t9oweAxhQ9ADSm6AGgMUUPAI0pegBoTNEDQGOKHgAaU/QA0JiiB4DGFD0ANKbo\nAaAxRQ8AjSl6AGis7Xrd9+58VMp98ee+ls5cunmzdGsxmOczi3wmImJrtF7KLYb5l8jj/f3SrVsf\n/WU68/BebZXvyd07pdzW2lo6My+utQ2H+TW0t999r3Rrssj/z39UXEIbFZ5hRMSgsAK4Wli8i4jY\n2s4vMJ4Vl/K2trZKuUtXX05nPrr1YenWn3/399OZ0Upt3fDx48el3MlJ/vW4sb5ZurVzOb84eOn6\n1dKtF8E3egBoTNEDQGOKHgAaU/QA0JiiB4DGFD0ANKboAaAxRQ8AjSl6AGhM0QNAY4oeABpT9ADQ\nmKIHgMbartf929/+H6Xc1lp+5W1ts/YYR4VluNEyv2gWEbG+mV/jioj47vs/Smdeuli7deHixXRm\n++bbpVvvvfNuKTc9O09njvaflm4dH5+mMzs7+WcYEfEf//N/S2f+8q/+onRrb2+nlJtO8utws9ms\ndOuX/vm/SGd+6h/+o9KtlZXa58fGxkY68/FHH5RuPXz8MJ3ZKX4OXL5WW3nbLrz2Z/PaGmhlYW9r\nt/befBF8oweAxhQ9ADSm6AGgMUUPAI0pegBoTNEDQGOKHgAaU/QA0JiiB4DGFD0ANKboAaAxRQ8A\njbUdtfmF975ayl25cjmdefr0WenWciX/f9a1K7XBh+F5bdwjTifpyPF+7Xl8fOtWOrN7oTacMRrV\nxoEeP8iPe5yO888wIuKL730lndnc3Czd+tM//k46s7//qHRrNr5UylVGbQ4Oaq/Fe3e/nM788q/8\nSunW+OyslKu8hre28qNdERHTRX78ZefSXunW1tZWKbd+nh+cmo7zr6mIiNlymc4cHh6Vbr0IvtED\nQGOKHgAaU/QA0JiiB4DGFD0ANKboAaAxRQ8AjSl6AGhM0QNAY4oeABpT9ADQmKIHgMYUPQA01na9\n7me2awtZ1y+9lM7cOhqXbo3n+UW5L11/pXTr8zdvlnIxX6QjDx/cK50aHz5IZ6rrdScnJ6Xc8clp\nOnM+yT/DiIjdS1fSmTsf/qh06/gov/K2MswveEVETAordBG1lbfJtLbaeKuwpPiDP/uT0q1Hj2or\ngBsb+aXCk9Pj0q3xWf4z7mScf69ERLz2xuul3MHBQTozGR+WbkVhva66pPgi+EYPAI0pegBoTNED\nQGOKHgAaU/QA0JiiB4DGFD0ANKboAaAxRQ8AjSl6AGhM0QNAY4oeABprO2rzFz/4din30Z38SMpi\nZVC6dfXS1XRmeHpUurX/8G4pt3Plcjpz4438MFBExNe//vV0ZjRcKd16dO9+KTc9zw+yLGKtdGv3\ncv7Z/+gbH5Ru3Xg5/zdb394u3YpR7XkcPMuPgmzt5J9hRMRgNf8z7j95XLo1Pq0NLC1m+cGe115/\ntXTrV//lr6Yzw5Xa98jd3b1SbraYpzOf3v60dGsR+c/8oye1v/OL4Bs9ADSm6AGgMUUPAI0pegBo\nTNEDQGOKHgAaU/QA0JiiB4DGFD0ANKboAaAxRQ8AjSl6AGhM0QNAY23X684mtaWg+ekynamueF0p\nLMOtjWprbWfHtdW7+ew8ndnY3Crdun7pWjqzubFZunXl3dqq2RffeS+dmZQuRUzn+TWud7/606Vb\nn/vCO+nMqPh3Ho5GpdxgUFiJrGQiYm2U/2hcLf5ei/milBsO89/TVoqLcjt7+UW54SD/WRoRsbN7\nsZTbeLKRzkzmtXfn5sX858e1vSulWy+Cb/QA0JiiB4DGFD0ANKboAaAxRQ8AjSl6AGhM0QNAY4oe\nABpT9ADQmKIHgMYUPQA0pugBoDFFDwCNtV2vWx/WfrXFJL8Y9srnbpRuXb18NZ1ZLmpLV8tJLXc+\nmaUz0+fj0q3jx4fpzMpq7e988UJxIWszv5C1urVeunVyepbOvP76G6Vby0X+f/7pIv9eiYiYL2uv\nxUHkl+iWUVtQm83yr/uz8/zSY0TEfFFb2Fss87/b+aT2M04Ln4vz2bR0a3z6qJQ7H+f/Zq8V3y/D\n9fxi6XBU+xx4EXyjB4DGFD0ANKboAaAxRQ8AjSl6AGhM0QNAY4oeABpT9ADQmKIHgMYUPQA0pugB\noDFFDwCNtR21mc9rgxuLQX5g4urV/DhNRMTKcCWdGRRHOqoWhRGd5aD2Mz56dD+def/990u3BoW/\nc0TE7u5uOvPG66+Xbm1uXkhnlsva/+7DyL8WZ4VRlYiIaXHspPRaLP6Ms8JgzyxqYz1V1ddwxWqM\n0pnZrPYZfFYc3hku86/hy1eulW5NppXX8Gf72f3jfKMHgMYUPQA0pugBoDFFDwCNKXoAaEzRA0Bj\nih4AGlP0ANCYogeAxhQ9ADSm6AGgMUUPAI0pegBorO163d27d0u5t9/5YjqztbVVurVYFtauCgte\nERHD4Wf3P91sNivltjY30plXX71RunVwcFjKRWWhbF57HsvCildxtDGmhdy8uMY1r7zuo7ZIWVm8\ni4iIwjDcYKW4HDgo5grv6dPT09Kt8dk4nZkXFgAjIlaLq3yLlfx63XC0Xrp1enKczszPT0q3XgTf\n6AGgMUUPAI0pegBoTNEDQGOKHgAaU/QA0JiiB4DGFD0ANKboAaAxRQ8AjSl6AGhM0QNAY21HbQ4O\nDj6zW9XBmOUyPwpSm3uIWCxqAyTLwgDJojpmMco/xxuvvFy6Vc1VRlKGhb9zRMR8kR/DmRdfIZW/\nWO23ilgOa0Mzld9spTg0UzEsPvtB8UkOCu/N+Xl+nCYiYhD5gaVY1sacTk5qwzuHh/mhqmfHZ6Vb\nn9y5lc4cPvqkdOtF8I0eABpT9ADQmKIHgMYUPQA0pugBoDFFDwCNKXoAaEzRA0Bjih4AGlP0ANCY\nogeAxhQ9ADSm6AGgsbbrddVtrel0WjhVXIYrLKGVN8PKsXywsnj317fyueW8tpRXWQ6MiFgUcvPi\nv9PLwhha7WlELAb5Y9VnOC/+zSrPfmVlpXRrtfA8hrPa85jNaitv43F+ie7Tj2+Xbj19/iidefT4\nYenW4ydPSrnj4+N0ZjwflW6NCu/NjZiUbr0IvtEDQGOKHgAaU/QA0JiiB4DGFD0ANKboAaAxRQ8A\njSl6AGhM0QNAY4oeABpT9ADQmKIHgMYUPQA01na9bjp5Xso9uP9J4VZh8S4irr96NZ0Zn9Z+r/Pz\n81KutDRWXK+LRf5WdUGtrLA4OC/8XhERi8JznE0/w2W4Re17wsqi+DcrvBbHZ7XX/eHB03Tm+VE+\nExHxdL+We/gwvw5XXZQ7OTtJZ+bFz4GVtY1SbvPCTjpzaTOfiYi4uLWVzrzx2iulWy+Cb/QA0Jii\nB4DGFD0ANKboAaAxRQ8AjSl6AGhM0QNAY4oeABpT9ADQmKIHgMYUPQA0pugBoLG2ozbDYW044/bt\nD9OZX/+v/6l062s/+7V05uqVvdKtjY3aUMT6+no6MyhdipjP8qMl1VtVs/ksnZkXR1zm88IoyCL/\n80VE3P0kP+b05MHj0q3T43Etd3qazuzv75duHR09S2cm09rvVR1mGgzyr/7RaFS6dfXK5XRmY2u7\ndGtts5abx0o6MxjUvute2ruUzrz97rulWy+Cb/QA0JiiB4DGFD0ANKboAaAxRQ8AjSl6AGhM0QNA\nY4oeABpT9ADQmKIHgMYUPQA0pugBoDFFDwCNtV2vWxaWnf46mF9Q+/4f/1Hp1PcKue2t2grdpcv5\ntaWIiOvXrqczV69cLd26sL2Vz1y4ULpVXa1aLvKLcsvZpHRrcn6ezhwc5FfXIiK+//3vpzNP9mu3\nFsvae3MwzOc2CuuLERGbhffZzs5O6Vb1Nby2tpbOVBbvIiJGG/lbMcyvyUVETOa1Nb/ZJL/ceP2l\nl0u3Pvfmm+nMxd3d0q0XwTd6AGhM0QNAY4oeABpT9ADQmKIHgMYUPQA0pugBoDFFDwCNKXoAaEzR\nA0Bjih4AGlP0ANBY21GbteKYxdbWKJ154/XaWMF0mh9hGJ+Na7cmZ6Xc3Y9vpzMf375VujWM/ODG\nsDjSsVjWhjMq1waL/FBSRG1AZ1HI/PWx/PO4erU2lLS+mR8viojY3NhMZ0Zr+fdzRG0wZjSqfZyu\nrNTGXyoDNbNZ/jPn/19LJ2rvsIi9vb1S7tpG/nU1mdfeL4vCB8Hmhdrr/kXwjR4AGlP0ANCYogeA\nxhQ9ADSm6AGgMUUPAI0pegBoTNEDQGOKHgAaU/QA0JiiB4DGFD0ANKboAaCxwbK44gUA/N3nGz0A\nNKboAaAxRQ8AjSl6AGhM0QNAY4oeABpT9ADQmKIHgMYUPQA0pugBoDFFDwCNKXoAaEzRA0Bjih4A\nGlP0ANCYogeAxhQ9ADSm6AGgMUUPAI0pegBoTNEDQGOKHgAaU/QA0JiiB4DGFD0ANKboAaAxRQ8A\njSl6AGhM0QNAY4oeABpT9ADQmKIHgMYUPQA0pugBoDFFDwCNKXoAaEzRA0Bjih4AGlP0ANCYogeA\nxhQ9ADSm6AGgMUUPAI0pegBoTNEDQGOKHgAa+38byQBIS5T8jwAAAABJRU5ErkJggg==\n",
      "text/plain": [
       "<matplotlib.figure.Figure at 0x7f6345cc4ba8>"
      ]
     },
     "metadata": {
      "image/png": {
       "height": 250,
       "width": 253
      }
     },
     "output_type": "display_data"
    }
   ],
   "source": [
    "%matplotlib inline\n",
    "%config InlineBackend.figure_format = 'retina'\n",
    "\n",
    "import helper\n",
    "import numpy as np\n",
    "\n",
    "# Explore the dataset\n",
    "batch_id = 3\n",
    "sample_id = 100\n",
    "helper.display_stats(cifar10_dataset_folder_path, batch_id, sample_id)"
   ]
  },
  {
   "cell_type": "markdown",
   "metadata": {
    "deletable": true,
    "editable": true
   },
   "source": [
    "## Implement Preprocess Functions\n",
    "### Normalize\n",
    "In the cell below, implement the `normalize` function to take in image data, `x`, and return it as a normalized Numpy array. The values should be in the range of 0 to 1, inclusive.  The return object should be the same shape as `x`."
   ]
  },
  {
   "cell_type": "code",
   "execution_count": 8,
   "metadata": {
    "collapsed": false,
    "deletable": true,
    "editable": true
   },
   "outputs": [
    {
     "name": "stdout",
     "output_type": "stream",
     "text": [
      "Tests Passed\n"
     ]
    }
   ],
   "source": [
    "def normalize(imgs):\n",
    "    \"\"\"\n",
    "    Normalize a list of sample image data in the range of 0 to 1\n",
    "    : x: List of image data.  The image shape is (32, 32, 3)\n",
    "    : return: Numpy array of normalize data\n",
    "    \"\"\"\n",
    "    # TODO: Implement Function\n",
    "    #return np.array([(np.array([np.array([np.array([c/sum(pix) for c in pix ]) for pix in row ]) for row in img ])) for img in imgs]) \n",
    "    output=[]\n",
    "    for img in imgs:\n",
    "        output.append(np.array(\\\n",
    "                        [np.array([\\\n",
    "                                np.array([(c/sum(pix) if sum(pix)>0 else 0) for c in pix ]) \\\n",
    "                         for pix in row ]) \\\n",
    "                 for row in img ])) \n",
    "    return(np.array(output))\n",
    "\n",
    "\"\"\"\n",
    "DON'T MODIFY ANYTHING IN THIS CELL THAT IS BELOW THIS LINE\n",
    "\"\"\"\n",
    "tests.test_normalize(normalize)"
   ]
  },
  {
   "cell_type": "markdown",
   "metadata": {
    "deletable": true,
    "editable": true
   },
   "source": [
    "### One-hot encode\n",
    "Just like the previous code cell, you'll be implementing a function for preprocessing.  This time, you'll implement the `one_hot_encode` function. The input, `x`, are a list of labels.  Implement the function to return the list of labels as One-Hot encoded Numpy array.  The possible values for labels are 0 to 9. The one-hot encoding function should return the same encoding for each value between each call to `one_hot_encode`.  Make sure to save the map of encodings outside the function.\n",
    "\n",
    "Hint: Don't reinvent the wheel."
   ]
  },
  {
   "cell_type": "code",
   "execution_count": 9,
   "metadata": {
    "collapsed": false,
    "deletable": true,
    "editable": true
   },
   "outputs": [
    {
     "name": "stdout",
     "output_type": "stream",
     "text": [
      "Tests Passed\n"
     ]
    }
   ],
   "source": [
    "\n",
    "def one_hot_encode(labels):\n",
    "    \"\"\"\n",
    "    One hot encode a list of sample labels. Return a one-hot encoded vector for each label.\n",
    "    : x: List of sample Labels\n",
    "    : return: Numpy array of one-hot encoded labels\n",
    "    \"\"\"\n",
    "    # TODO: Implement Function\n",
    "    \n",
    "    #encoding_dict=dict([(i,i) for i in range(0,10)])\n",
    "    \n",
    "    output=[]\n",
    "    for label in labels:\n",
    "        one_hot_vector = np.zeros(10)\n",
    "        one_hot_vector[label]=1\n",
    "        output.append(one_hot_vector)\n",
    "    return np.array(output)\n",
    "\n",
    "\n",
    "\"\"\"\n",
    "DON'T MODIFY ANYTHING IN THIS CELL THAT IS BELOW THIS LINE\n",
    "\"\"\"\n",
    "tests.test_one_hot_encode(one_hot_encode)"
   ]
  },
  {
   "cell_type": "markdown",
   "metadata": {
    "deletable": true,
    "editable": true
   },
   "source": [
    "### Randomize Data\n",
    "As you saw from exploring the data above, the order of the samples are randomized.  It doesn't hurt to randomize it again, but you don't need to for this dataset."
   ]
  },
  {
   "cell_type": "markdown",
   "metadata": {
    "deletable": true,
    "editable": true
   },
   "source": [
    "## Preprocess all the data and save it\n",
    "Running the code cell below will preprocess all the CIFAR-10 data and save it to file. The code below also uses 10% of the training data for validation."
   ]
  },
  {
   "cell_type": "code",
   "execution_count": null,
   "metadata": {
    "collapsed": false,
    "deletable": true,
    "editable": true
   },
   "outputs": [],
   "source": [
    "\"\"\"\n",
    "DON'T MODIFY ANYTHING IN THIS CELL\n",
    "\"\"\"\n",
    "# Preprocess Training, Validation, and Testing Data\n",
    "helper.preprocess_and_save_data(cifar10_dataset_folder_path, normalize, one_hot_encode)"
   ]
  },
  {
   "cell_type": "markdown",
   "metadata": {
    "deletable": true,
    "editable": true
   },
   "source": [
    "# Check Point\n",
    "This is your first checkpoint.  If you ever decide to come back to this notebook or have to restart the notebook, you can start from here.  The preprocessed data has been saved to disk."
   ]
  },
  {
   "cell_type": "code",
   "execution_count": 7,
   "metadata": {
    "collapsed": false,
    "deletable": true,
    "editable": true
   },
   "outputs": [],
   "source": [
    "\"\"\"\n",
    "DON'T MODIFY ANYTHING IN THIS CELL\n",
    "\"\"\"\n",
    "import pickle\n",
    "import problem_unittests as tests\n",
    "import helper\n",
    "\n",
    "# Load the Preprocessed Validation data\n",
    "valid_features, valid_labels = pickle.load(open('preprocess_validation.p', mode='rb'))"
   ]
  },
  {
   "cell_type": "code",
   "execution_count": 8,
   "metadata": {
    "collapsed": false,
    "deletable": true,
    "editable": true
   },
   "outputs": [
    {
     "data": {
      "text/plain": [
       "array([[[[ 0.36842105,  0.32894737,  0.30263158],\n",
       "         [ 0.36683417,  0.32663317,  0.30653266],\n",
       "         [ 0.36479592,  0.32397959,  0.31122449],\n",
       "         ..., \n",
       "         [ 0.38116592,  0.32511211,  0.29372197],\n",
       "         [ 0.3826087 ,  0.32608696,  0.29130435],\n",
       "         [ 0.37777778,  0.32666667,  0.29555556]],\n",
       "\n",
       "        [[ 0.33798883,  0.30167598,  0.3603352 ],\n",
       "         [ 0.33591731,  0.30490956,  0.35917313],\n",
       "         [ 0.33668342,  0.3040201 ,  0.35929648],\n",
       "         ..., \n",
       "         [ 0.35357918,  0.30585683,  0.34056399],\n",
       "         [ 0.35639413,  0.30607966,  0.33752621],\n",
       "         [ 0.35490605,  0.30897704,  0.33611691]],\n",
       "\n",
       "        [[ 0.32688172,  0.29892473,  0.37419355],\n",
       "         [ 0.32640333,  0.3014553 ,  0.37214137],\n",
       "         [ 0.32769556,  0.30232558,  0.36997886],\n",
       "         ..., \n",
       "         [ 0.33778626,  0.29389313,  0.36832061],\n",
       "         [ 0.34086629,  0.29378531,  0.3653484 ],\n",
       "         [ 0.34078212,  0.29795158,  0.36126629]],\n",
       "\n",
       "        ..., \n",
       "        [[ 0.37091988,  0.3264095 ,  0.30267062],\n",
       "         [ 0.375     ,  0.3255814 ,  0.2994186 ],\n",
       "         [ 0.4       ,  0.35263158,  0.24736842],\n",
       "         ..., \n",
       "         [ 0.39529412,  0.32235294,  0.28235294],\n",
       "         [ 0.40826873,  0.3255814 ,  0.26614987],\n",
       "         [ 0.41833811,  0.33237822,  0.24928367]],\n",
       "\n",
       "        [[ 0.36637931,  0.33189655,  0.30172414],\n",
       "         [ 0.38211382,  0.32926829,  0.28861789],\n",
       "         [ 0.40217391,  0.35326087,  0.24456522],\n",
       "         ..., \n",
       "         [ 0.405     ,  0.33      ,  0.265     ],\n",
       "         [ 0.415     ,  0.335     ,  0.25      ],\n",
       "         [ 0.41798942,  0.33862434,  0.24338624]],\n",
       "\n",
       "        [[ 0.3591954 ,  0.32183908,  0.31896552],\n",
       "         [ 0.36723164,  0.31920904,  0.31355932],\n",
       "         [ 0.38745387,  0.33579336,  0.27675277],\n",
       "         ..., \n",
       "         [ 0.41772152,  0.33544304,  0.24683544],\n",
       "         [ 0.44067797,  0.34237288,  0.21694915],\n",
       "         [ 0.4238806 ,  0.34328358,  0.23283582]]],\n",
       "\n",
       "\n",
       "       [[[ 0.34129693,  0.37201365,  0.28668942],\n",
       "         [ 0.34173669,  0.35294118,  0.30532213],\n",
       "         [ 0.348     ,  0.348     ,  0.304     ],\n",
       "         ..., \n",
       "         [ 0.33783784,  0.35135135,  0.31081081],\n",
       "         [ 0.33816425,  0.352657  ,  0.30917874],\n",
       "         [ 0.33816425,  0.352657  ,  0.30917874]],\n",
       "\n",
       "        [[ 0.3359375 ,  0.38671875,  0.27734375],\n",
       "         [ 0.33628319,  0.37168142,  0.2920354 ],\n",
       "         [ 0.33707865,  0.35955056,  0.30337079],\n",
       "         ..., \n",
       "         [ 0.33766234,  0.35064935,  0.31168831],\n",
       "         [ 0.33777778,  0.35111111,  0.31111111],\n",
       "         [ 0.33744856,  0.34979424,  0.3127572 ]],\n",
       "\n",
       "        [[ 0.32684825,  0.38910506,  0.28404669],\n",
       "         [ 0.32806324,  0.37549407,  0.29644269],\n",
       "         [ 0.32765957,  0.36595745,  0.30638298],\n",
       "         ..., \n",
       "         [ 0.33789954,  0.35159817,  0.31050228],\n",
       "         [ 0.33796296,  0.35185185,  0.31018519],\n",
       "         [ 0.33739837,  0.3495935 ,  0.31300813]],\n",
       "\n",
       "        ..., \n",
       "        [[ 0.29090909,  0.35      ,  0.35909091],\n",
       "         [ 0.30576441,  0.33333333,  0.36090226],\n",
       "         [ 0.30804598,  0.33333333,  0.35862069],\n",
       "         ..., \n",
       "         [ 0.30172414,  0.35344828,  0.34482759],\n",
       "         [ 0.30215827,  0.3705036 ,  0.32733813],\n",
       "         [ 0.28436019,  0.41706161,  0.2985782 ]],\n",
       "\n",
       "        [[ 0.29139073,  0.33774834,  0.37086093],\n",
       "         [ 0.3046875 ,  0.328125  ,  0.3671875 ],\n",
       "         [ 0.31270358,  0.32899023,  0.35830619],\n",
       "         ..., \n",
       "         [ 0.3       ,  0.33673469,  0.36326531],\n",
       "         [ 0.30143541,  0.34210526,  0.35645933],\n",
       "         [ 0.29012346,  0.36111111,  0.34876543]],\n",
       "\n",
       "        [[ 0.32727273,  0.31818182,  0.35454545],\n",
       "         [ 0.32240437,  0.31693989,  0.36065574],\n",
       "         [ 0.33064516,  0.3266129 ,  0.34274194],\n",
       "         ..., \n",
       "         [ 0.29977629,  0.34228188,  0.35794183],\n",
       "         [ 0.30803571,  0.33928571,  0.35267857],\n",
       "         [ 0.30373832,  0.34579439,  0.35046729]]],\n",
       "\n",
       "\n",
       "       [[[ 0.28787879,  0.48484848,  0.22727273],\n",
       "         [ 0.2625    ,  0.475     ,  0.2625    ],\n",
       "         [ 0.25      ,  0.4537037 ,  0.2962963 ],\n",
       "         ..., \n",
       "         [ 0.22727273,  0.37575758,  0.3969697 ],\n",
       "         [ 0.23030303,  0.37575758,  0.39393939],\n",
       "         [ 0.22683706,  0.37699681,  0.39616613]],\n",
       "\n",
       "        [[ 0.33823529,  0.45588235,  0.20588235],\n",
       "         [ 0.33333333,  0.47619048,  0.19047619],\n",
       "         [ 0.31944444,  0.48611111,  0.19444444],\n",
       "         ..., \n",
       "         [ 0.2278481 ,  0.37341772,  0.39873418],\n",
       "         [ 0.23584906,  0.37421384,  0.38993711],\n",
       "         [ 0.23208191,  0.37883959,  0.3890785 ]],\n",
       "\n",
       "        [[ 0.30769231,  0.47435897,  0.21794872],\n",
       "         [ 0.30136986,  0.47945205,  0.21917808],\n",
       "         [ 0.30769231,  0.46153846,  0.23076923],\n",
       "         ..., \n",
       "         [ 0.2245614 ,  0.38245614,  0.39298246],\n",
       "         [ 0.23344948,  0.37979094,  0.38675958],\n",
       "         [ 0.23357664,  0.38321168,  0.38321168]],\n",
       "\n",
       "        ..., \n",
       "        [[ 0.47328244,  0.35114504,  0.17557252],\n",
       "         [ 0.45112782,  0.34586466,  0.20300752],\n",
       "         [ 0.41984733,  0.36641221,  0.21374046],\n",
       "         ..., \n",
       "         [ 0.56521739,  0.26086957,  0.17391304],\n",
       "         [ 0.35294118,  0.41176471,  0.23529412],\n",
       "         [ 0.26315789,  0.42105263,  0.31578947]],\n",
       "\n",
       "        [[ 0.43150685,  0.3630137 ,  0.20547945],\n",
       "         [ 0.42241379,  0.38793103,  0.18965517],\n",
       "         [ 0.39473684,  0.40350877,  0.20175439],\n",
       "         ..., \n",
       "         [ 0.30526316,  0.36842105,  0.32631579],\n",
       "         [ 0.27522936,  0.3853211 ,  0.33944954],\n",
       "         [ 0.225     ,  0.41666667,  0.35833333]],\n",
       "\n",
       "        [[ 0.46      ,  0.34666667,  0.19333333],\n",
       "         [ 0.45794393,  0.35514019,  0.18691589],\n",
       "         [ 0.42519685,  0.36220472,  0.21259843],\n",
       "         ..., \n",
       "         [ 0.27615063,  0.36820084,  0.35564854],\n",
       "         [ 0.23255814,  0.39534884,  0.37209302],\n",
       "         [ 0.19463087,  0.41610738,  0.38926174]]],\n",
       "\n",
       "\n",
       "       ..., \n",
       "       [[[ 0.078125  ,  0.39732143,  0.52455357],\n",
       "         [ 0.08791209,  0.38681319,  0.52527473],\n",
       "         [ 0.09150327,  0.38344227,  0.52505447],\n",
       "         ..., \n",
       "         [ 0.2       ,  0.35757576,  0.44242424],\n",
       "         [ 0.18676123,  0.34751773,  0.46572104],\n",
       "         [ 0.20892019,  0.34741784,  0.44366197]],\n",
       "\n",
       "        [[ 0.1205074 ,  0.38477801,  0.49471459],\n",
       "         [ 0.09205021,  0.38493724,  0.52301255],\n",
       "         [ 0.10570825,  0.38689218,  0.50739958],\n",
       "         ..., \n",
       "         [ 0.28996283,  0.33828996,  0.37174721],\n",
       "         [ 0.26908397,  0.33778626,  0.39312977],\n",
       "         [ 0.26363636,  0.33863636,  0.39772727]],\n",
       "\n",
       "        [[ 0.18421053,  0.37030075,  0.44548872],\n",
       "         [ 0.12673267,  0.37425743,  0.4990099 ],\n",
       "         [ 0.13636364,  0.37944664,  0.48418972],\n",
       "         ..., \n",
       "         [ 0.31918506,  0.33106961,  0.34974533],\n",
       "         [ 0.2967581 ,  0.33665835,  0.36658354],\n",
       "         [ 0.26521739,  0.34347826,  0.39130435]],\n",
       "\n",
       "        ..., \n",
       "        [[ 0.31877729,  0.34497817,  0.33624454],\n",
       "         [ 0.28804348,  0.3423913 ,  0.36956522],\n",
       "         [ 0.26732673,  0.33663366,  0.3960396 ],\n",
       "         ..., \n",
       "         [ 0.14049587,  0.33057851,  0.52892562],\n",
       "         [ 0.19444444,  0.33333333,  0.47222222],\n",
       "         [ 0.25384615,  0.36923077,  0.37692308]],\n",
       "\n",
       "        [[ 0.29901961,  0.33333333,  0.36764706],\n",
       "         [ 0.26066351,  0.33175355,  0.40758294],\n",
       "         [ 0.23849372,  0.33054393,  0.43096234],\n",
       "         ..., \n",
       "         [ 0.16666667,  0.33333333,  0.5       ],\n",
       "         [ 0.16190476,  0.33333333,  0.5047619 ],\n",
       "         [ 0.11290323,  0.37096774,  0.51612903]],\n",
       "\n",
       "        [[ 0.25433526,  0.32369942,  0.42196532],\n",
       "         [ 0.23      ,  0.33      ,  0.44      ],\n",
       "         [ 0.21212121,  0.33333333,  0.45454545],\n",
       "         ..., \n",
       "         [ 0.17307692,  0.33333333,  0.49358974],\n",
       "         [ 0.16153846,  0.33076923,  0.50769231],\n",
       "         [ 0.12903226,  0.33333333,  0.53763441]]],\n",
       "\n",
       "\n",
       "       [[[ 0.2953125 ,  0.3296875 ,  0.375     ],\n",
       "         [ 0.2952381 ,  0.33015873,  0.37460317],\n",
       "         [ 0.29505582,  0.33014354,  0.37480064],\n",
       "         ..., \n",
       "         [ 0.29461279,  0.32828283,  0.37710438],\n",
       "         [ 0.29251701,  0.32993197,  0.37755102],\n",
       "         [ 0.28987993,  0.33276158,  0.37735849]],\n",
       "\n",
       "        [[ 0.30171073,  0.32659409,  0.37169518],\n",
       "         [ 0.30126183,  0.32649842,  0.37223975],\n",
       "         [ 0.30110935,  0.32646593,  0.37242472],\n",
       "         ..., \n",
       "         [ 0.2957265 ,  0.32820513,  0.37606838],\n",
       "         [ 0.29482759,  0.32931034,  0.37586207],\n",
       "         [ 0.29144852,  0.33158813,  0.37696335]],\n",
       "\n",
       "        [[ 0.3099851 ,  0.32637854,  0.36363636],\n",
       "         [ 0.31013616,  0.32677761,  0.36308623],\n",
       "         [ 0.3100304 ,  0.32674772,  0.36322188],\n",
       "         ..., \n",
       "         [ 0.30017153,  0.32761578,  0.37221269],\n",
       "         [ 0.29757785,  0.32871972,  0.37370242],\n",
       "         [ 0.29391304,  0.33217391,  0.37391304]],\n",
       "\n",
       "        ..., \n",
       "        [[ 0.35264055,  0.33901193,  0.30834753],\n",
       "         [ 0.35427574,  0.34031414,  0.30541012],\n",
       "         [ 0.3548951 ,  0.34265734,  0.30244755],\n",
       "         ..., \n",
       "         [ 0.34263959,  0.33502538,  0.32233503],\n",
       "         [ 0.34468085,  0.33617021,  0.31914894],\n",
       "         [ 0.34854772,  0.33817427,  0.31327801]],\n",
       "\n",
       "        [[ 0.35483871,  0.34050179,  0.3046595 ],\n",
       "         [ 0.35727788,  0.34215501,  0.30056711],\n",
       "         [ 0.36072144,  0.34468938,  0.29458918],\n",
       "         ..., \n",
       "         [ 0.3497053 ,  0.33595285,  0.31434185],\n",
       "         [ 0.35      ,  0.338     ,  0.312     ],\n",
       "         [ 0.35140562,  0.33935743,  0.30923695]],\n",
       "\n",
       "        [[ 0.35357143,  0.3375    ,  0.30892857],\n",
       "         [ 0.35526316,  0.34022556,  0.30451128],\n",
       "         [ 0.35814889,  0.34205231,  0.29979879],\n",
       "         ..., \n",
       "         [ 0.35583942,  0.33576642,  0.30839416],\n",
       "         [ 0.35251799,  0.33992806,  0.30755396],\n",
       "         [ 0.35071942,  0.34172662,  0.30755396]]],\n",
       "\n",
       "\n",
       "       [[[ 0.32855093,  0.32855093,  0.34289813],\n",
       "         [ 0.32777778,  0.32916667,  0.34305556],\n",
       "         [ 0.32635983,  0.32914923,  0.34449093],\n",
       "         ..., \n",
       "         [ 0.32436472,  0.32735426,  0.34828102],\n",
       "         [ 0.3259587 ,  0.32890855,  0.34513274],\n",
       "         [ 0.32743363,  0.32890855,  0.34365782]],\n",
       "\n",
       "        [[ 0.33035714,  0.32886905,  0.34077381],\n",
       "         [ 0.32874828,  0.32874828,  0.34250344],\n",
       "         [ 0.32678822,  0.32819074,  0.34502104],\n",
       "         ..., \n",
       "         [ 0.32697947,  0.32697947,  0.34604106],\n",
       "         [ 0.32756133,  0.32900433,  0.34343434],\n",
       "         [ 0.3276131 ,  0.32917317,  0.34321373]],\n",
       "\n",
       "        [[ 0.33809524,  0.32698413,  0.33492063],\n",
       "         [ 0.33191489,  0.32907801,  0.33900709],\n",
       "         [ 0.32627119,  0.32909605,  0.34463277],\n",
       "         ..., \n",
       "         [ 0.32738095,  0.32738095,  0.3452381 ],\n",
       "         [ 0.32786885,  0.32637854,  0.34575261],\n",
       "         [ 0.32580645,  0.32741935,  0.34677419]],\n",
       "\n",
       "        ..., \n",
       "        [[ 0.35046729,  0.33411215,  0.31542056],\n",
       "         [ 0.34825871,  0.3358209 ,  0.3159204 ],\n",
       "         [ 0.34828496,  0.33509235,  0.31662269],\n",
       "         ..., \n",
       "         [ 0.3373494 ,  0.33433735,  0.32831325],\n",
       "         [ 0.33674963,  0.33382138,  0.32942899],\n",
       "         [ 0.33472222,  0.33472222,  0.33055556]],\n",
       "\n",
       "        [[ 0.34683544,  0.33417722,  0.31898734],\n",
       "         [ 0.34482759,  0.33687003,  0.31830239],\n",
       "         [ 0.34626039,  0.33518006,  0.31855956],\n",
       "         ..., \n",
       "         [ 0.33580705,  0.33395176,  0.33024119],\n",
       "         [ 0.33610649,  0.3344426 ,  0.32945092],\n",
       "         [ 0.33650794,  0.33492063,  0.32857143]],\n",
       "\n",
       "        [[ 0.34366197,  0.33521127,  0.32112676],\n",
       "         [ 0.34302326,  0.3372093 ,  0.31976744],\n",
       "         [ 0.34582133,  0.33429395,  0.31988473],\n",
       "         ..., \n",
       "         [ 0.33837429,  0.33459357,  0.32703214],\n",
       "         [ 0.33469388,  0.33469388,  0.33061224],\n",
       "         [ 0.33470226,  0.33470226,  0.33059548]]]])"
      ]
     },
     "execution_count": 8,
     "metadata": {},
     "output_type": "execute_result"
    }
   ],
   "source": [
    "valid_features\n"
   ]
  },
  {
   "cell_type": "markdown",
   "metadata": {
    "deletable": true,
    "editable": true
   },
   "source": [
    "## Build the network\n",
    "For the neural network, you'll build each layer into a function.  Most of the code you've seen has been outside of functions. To test your code more thoroughly, we require that you put each layer in a function.  This allows us to give you better feedback and test for simple mistakes using our unittests before you submit your project.\n",
    "\n",
    ">**Note:** If you're finding it hard to dedicate enough time for this course each week, we've provided a small shortcut to this part of the project. In the next couple of problems, you'll have the option to use classes from the [TensorFlow Layers](https://www.tensorflow.org/api_docs/python/tf/layers) or [TensorFlow Layers (contrib)](https://www.tensorflow.org/api_guides/python/contrib.layers) packages to build each layer, except the layers you build in the \"Convolutional and Max Pooling Layer\" section.  TF Layers is similar to Keras's and TFLearn's abstraction to layers, so it's easy to pickup.\n",
    "\n",
    ">However, if you would like to get the most out of this course, try to solve all the problems _without_ using anything from the TF Layers packages. You **can** still use classes from other packages that happen to have the same name as ones you find in TF Layers! For example, instead of using the TF Layers version of the `conv2d` class, [tf.layers.conv2d](https://www.tensorflow.org/api_docs/python/tf/layers/conv2d), you would want to use the TF Neural Network version of `conv2d`, [tf.nn.conv2d](https://www.tensorflow.org/api_docs/python/tf/nn/conv2d). \n",
    "\n",
    "Let's begin!\n",
    "\n",
    "### Input\n",
    "The neural network needs to read the image data, one-hot encoded labels, and dropout keep probability. Implement the following functions\n",
    "* Implement `neural_net_image_input`\n",
    " * Return a [TF Placeholder](https://www.tensorflow.org/api_docs/python/tf/placeholder)\n",
    " * Set the shape using `image_shape` with batch size set to `None`.\n",
    " * Name the TensorFlow placeholder \"x\" using the TensorFlow `name` parameter in the [TF Placeholder](https://www.tensorflow.org/api_docs/python/tf/placeholder).\n",
    "* Implement `neural_net_label_input`\n",
    " * Return a [TF Placeholder](https://www.tensorflow.org/api_docs/python/tf/placeholder)\n",
    " * Set the shape using `n_classes` with batch size set to `None`.\n",
    " * Name the TensorFlow placeholder \"y\" using the TensorFlow `name` parameter in the [TF Placeholder](https://www.tensorflow.org/api_docs/python/tf/placeholder).\n",
    "* Implement `neural_net_keep_prob_input`\n",
    " * Return a [TF Placeholder](https://www.tensorflow.org/api_docs/python/tf/placeholder) for dropout keep probability.\n",
    " * Name the TensorFlow placeholder \"keep_prob\" using the TensorFlow `name` parameter in the [TF Placeholder](https://www.tensorflow.org/api_docs/python/tf/placeholder).\n",
    "\n",
    "These names will be used at the end of the project to load your saved model.\n",
    "\n",
    "Note: `None` for shapes in TensorFlow allow for a dynamic size."
   ]
  },
  {
   "cell_type": "code",
   "execution_count": 9,
   "metadata": {
    "collapsed": false,
    "deletable": true,
    "editable": true
   },
   "outputs": [
    {
     "name": "stdout",
     "output_type": "stream",
     "text": [
      "Image Input Tests Passed.\n",
      "Label Input Tests Passed.\n",
      "Keep Prob Tests Passed.\n"
     ]
    }
   ],
   "source": [
    "import tensorflow as tf\n",
    "\n",
    "def neural_net_image_input(image_shape):\n",
    "    \"\"\"\n",
    "    Return a Tensor for a batch of image input\n",
    "    : image_shape: Shape of the images\n",
    "    : return: Tensor for image input.\n",
    "    \"\"\"\n",
    "    # TODO: Implement Function\n",
